147
100 1 100
1 100
24 1 21
9 8
24 3 8
9 8
13 8
17 8
100 100 32
23 74
4 17
21 75
91 2
18 20
68 1
57 22
33 57
65 1
11 27
3 18
21 26
5 30
68 18
18 33
16 85
71 2
64 31
16 43
15 20
19 13
30 26
12 60
16 47
19 1
8 57
38 55
38 11
35 26
24 33
94 2
31 40
46 54
48 14
37 28
16 75
30 34
21 59
39 26
46 24
8 8
45 33
23 64
8 65
41 53
51 13
1 93
70 16
38 33
49 21
31 10
6 41
29 16
59 26
88 4
11 26
22 37
4 43
74 2
54 21
64 37
16 9
84 10
1 21
28 57
26 1
25 37
76 6
29 30
36 31
18 29
10 68
7 84
45 54
29 6
40 1
18 44
11 69
4 53
12 5
73 16
4 60
35 5
34 4
21 2
37 10
82 6
58 9
2 42
45 11
36 13
1 39
77 19
50 45
6 89
63 18
17 80
11 29
38 63
31 54
31 19 28
11 11
6 24
7 2
10 2
4 20
7 9
7 6
20 7
4 6
22 1
14 14
3 16
2 29
24 3
25 6
15 17
9 1
1 12
7 22
24 1 14
9 8
24 2 3
9 8
13 8
100 100 80
18 2
32 16
42 15
20 24
80 7
30 28
30 3
25 27
31 18
43 42
45 47
4 14
22 6
2 1
6 16
81 14
52 48
35 28
42 29
6 69
56 3
5 30
16 21
42 31
27 31
15 72
46 8
7 41
41 17
46 16
86 5
52 23
39 35
59 19
11 77
45 38
16 69
90 8
5 73
27 1
21 44
72 5
87 9
7 51
30 42
37 49
13 42
25 17
22 24
24 9
97 3
22 7
9 1
1 26
74 18
4 13
27 60
2 88
6 36
78 19
38 47
13 30
34 26
21 47
11 62
94 2
25 51
12 58
32 21
44 57
64 11
21 7
51 14
95 2
64 36
79 16
18 63
47 43
74 11
59 30
50 45
21 23
62 18
42 42
32 50
1 69
15 16
52 12
23 43
48 9
6 74
6 22
11 5
7 38
75 2
20 10
41 17
15 41
36 17
60 14
100 1 10
1 100
100 100 44
34 41
38 13
60 3
22 46
9 17
8 17
3 24
29 69
74 18
76 11
79 15
40 27
26 62
15 83
61 23
18 56
47 46
35 36
6 49
56 40
37 14
68 24
5 9
59 7
20 72
31 33
37 38
25 26
39 44
35 51
75 16
76 14
33 7
20 30
42 35
41 15
3 52
20 72
36 22
7 92
10 70
5 76
50 27
65 6
67 26
61 3
41 5
25 26
54 7
24 51
14 37
69 10
35 32
36 11
52 31
44 45
4 64
68 19
3 36
45 13
86 2
51 39
63 37
13 86
55 24
33 60
39 58
60 23
25 20
67 27
1 24
80 2
42 32
91 2
4 62
3 10
49 25
40 30
9 39
26 47
43 16
28 34
44 33
28 5
83 16
2 8
32 53
45 12
13 57
6 15
22 71
36 9
2 28
35 16
3 71
38 29
73 5
40 48
29 11
52 11
2 1 1
1 1
24 2 7
9 8
13 8
2 1 1
2 1
24 3 10
9 8
13 8
3 10
44 22 13
20 14
21 19
10 10
6 35
2 39
7 26
5 12
3 37
22 18
5 10
28 14
7 21
5 35
2 3
6 27
19 20
7 2
10 30
20 2
2 30
1 19
26 10
24 3 23
9 8
13 8
17 8
29 43 7
12 9
2 28
8 13
15 11
18 9
13 12
1 24
22 6
8 7
11 19
10 19
3 15
19 3
11 1
5 16
10 4
3 25
13 6
23 2
2 10
11 1
11 16
26 3
22 3
20 5
6 17
14 9
6 3
3 19
28 2
17 5
9 18
3 11
15 4
20 8
13 8
4 9
14 8
1 6
10 13
7 10
11 15
16 5
24 3 18
9 8
13 8
3 10
24 2 16
9 8
13 8
24 1 1
9 8
100 100 86
3 83
10 59
42 37
4 77
56 28
19 46
1 83
14 53
15 61
68 23
20 39
6 40
77 13
70 3
19 68
7 67
51 39
70 6
75 22
21 4
6 33
47 11
8 54
1 52
29 7
68 1
43 51
78 21
25 32
86 2
11 69
12 40
32 10
42 53
28 19
19 68
72 4
22 41
5 92
15 77
35 20
32 10
64 28
21 30
18 49
12 41
44 54
44 45
66 17
57 19
75 20
38 48
46 46
7 53
2 95
61 14
33 39
74 2
77 8
73 4
4 84
46 34
60 11
16 20
17 84
41 15
39 37
8 48
16 27
19 29
2 92
51 1
55 16
13 59
10 48
30 7
10 6
47 26
29 21
44 16
7 7
20 27
35 44
18 64
15 37
24 23
26 70
16 4
5 90
43 25
34 58
30 20
87 1
3 94
6 88
11 81
61 21
26 34
13 7
2 57
24 3 3
9 8
13 8
3 10
24 3 6
9 8
13 8
3 10
24 1 2
9 8
24 1 4
9 8
24 1 11
9 8
24 1 6
9 8
24 1 7
9 8
24 2 5
9 8
13 8
24 3 15
9 8
13 8
17 8
24 1 24
9 8
24 1 16
9 8
100 100 98
4 53
12 37
67 31
25 63
4 62
14 79
85 7
13 77
23 69
3 56
82 6
67 24
12 36
39 52
53 36
62 21
1 36
34 13
4 38
36 23
65 19
19 47
1 96
68 13
34 44
78 18
9 37
18 25
19 11
59 27
53 10
27 1
20 52
50 21
13 63
4 58
28 1
17 5
32 63
59 39
80 3
17 7
2 54
80 3
59 37
21 31
31 19
26 15
11 52
44 6
76 15
21 75
28 26
34 58
29 63
11 55
18 43
49 10
63 32
35 6
15 6
39 41
71 2
24 60
35 57
51 1
49 31
40 22
12 5
36 46
20 10
56 34
19 30
85 13
8 28
52 2
44 51
11 37
71 16
37 9
5 62
21 33
35 33
75 19
20 35
27 56
28 7
8 13
80 13
33 19
79 21
7 74
40 23
44 5
37 18
39 35
16 38
16 23
50 47
5 83
24 3 20
9 8
13 8
3 10
24 3 1
9 8
13 8
3 10
24 1 9
9 8
1 1 1
1 1
24 1 22
9 8
24 3 22
9 8
13 8
3 10
24 2 6
9 8
13 8
24 3 8
9 8
13 8
3 10
100 100 41
53 20
53 28
10 58
68 33
5 28
22 1
6 37
33 58
82 17
28 68
13 4
77 14
67 29
34 26
10 91
24 19
34 5
5 48
27 60
16 3
81 6
11 68
6 74
80 3
44 9
29 51
8 19
10 16
90 2
16 60
19 21
10 45
33 57
14 53
15 84
21 44
93 1
8 54
77 9
68 32
15 40
26 72
17 82
42 44
7 77
20 1
13 84
65 21
8 62
78 3
16 25
8 91
44 37
30 2
39 18
12 33
50 2
63 8
22 3
21 12
16 64
12 7
9 49
59 31
87 8
40 50
11 84
34 14
20 66
6 16
19 58
36 49
21 30
61 6
24 30
79 2
11 74
66 32
6 88
44 54
12 89
90 9
19 41
63 26
73 20
93 3
9 46
57 30
55 35
51 42
47 53
20 57
2 9
20 62
4 83
68 32
26 29
56 36
21 67
37 64
100 100 72
22 19
61 20
78 14
5 28
11 75
13 10
32 13
31 31
44 17
4 48
16 40
74 20
42 3
84 14
38 12
8 27
12 49
26 59
49 3
18 54
9 83
24 9
2 37
65 29
15 75
14 62
53 28
14 55
84 7
41 1
46 15
34 39
49 28
7 80
22 29
55 44
4 97
7 88
64 10
10 35
47 23
30 34
50 23
14 37
69 24
46 6
67 9
79 21
47 28
49 14
41 45
62 28
44 32
10 56
4 34
9 22
51 13
11 6
76 12
5 33
18 62
68 13
14 25
88 1
41 10
18 15
17 20
22 37
16 85
6 16
1 60
74 15
15 49
1 56
1 34
44 17
38 6
59 12
20 55
36 60
31 26
22 48
74 27
5 47
29 35
35 31
23 27
33 65
17 34
13 34
62 21
86 4
25 26
52 46
40 34
35 5
19 78
61 21
7 4
11 89
100 1 1
1 100
24 3 20
9 8
13 8
17 8
24 3 4
9 8
13 8
3 10
40 6 23
9 8
28 7
16 18
16 15
4 14
3 33
76 3 22
22 17
37 22
61 8
24 1 5
9 8
24 2 14
9 8
13 8
86 92 53
80 3
13 8
14 46
21 4
10 20
5 15
32 34
35 36
50 2
53 21
18 45
55 1
35 32
3 65
48 8
10 23
43 40
54 13
11 60
21 45
16 59
64 5
37 33
34 21
56 23
31 39
45 38
13 21
73 6
24 34
54 30
19 3
35 17
48 12
22 4
5 24
30 34
26 27
9 55
49 5
53 28
42 36
10 35
12 65
44 29
16 54
52 25
52 23
51 10
38 11
5 59
75 12
32 20
10 68
20 62
30 49
67 1
48 27
19 27
25 43
13 67
23 35
27 45
17 36
17 24
21 1
30 56
25 13
49 37
57 22
21 6
25 32
40 3
48 6
4 70
44 38
1 61
27 40
50 35
20 20
19 27
38 2
6 59
27 35
16 10
26 26
6 29
51 26
24 44
67 11
33 13
50 12
100 100 48
33 51
47 6
85 9
70 7
60 6
70 20
54 25
10 86
23 31
9 21
17 43
44 4
13 36
32 52
37 31
73 24
1 61
3 32
29 52
26 16
9 29
66 10
23 60
89 8
21 2
17 25
6 33
6 95
19 55
23 27
43 52
52 21
21 65
11 81
45 34
8 6
11 24
44 19
41 45
14 24
13 31
11 81
31 52
47 13
41 60
68 20
63 3
9 51
31 66
22 36
45 23
54 8
10 21
15 37
18 80
50 49
9 28
32 44
37 44
37 42
40 43
91 8
15 2
3 29
28 49
18 59
49 28
12 65
15 27
83 9
1 88
42 4
6 17
42 29
27 22
6 30
30 37
4 12
13 79
31 20
11 62
7 23
91 8
63 28
90 5
53 25
6 8
19 6
60 33
47 25
10 35
44 26
36 11
66 19
1 50
72 23
9 11
36 19
48 15
9 56
24 1 12
9 8
24 3 2
9 8
13 8
17 8
24 3 7
9 8
13 8
3 10
24 3 5
9 8
13 8
3 10
24 2 8
9 8
13 8
24 3 10
9 8
13 8
17 8
24 3 21
9 8
13 8
3 10
100 100 10
28 40
28 65
19 54
40 2
32 37
61 37
21 10
1 87
37 27
26 57
64 35
71 29
7 56
12 21
58 12
61 15
44 31
9 26
9 53
39 34
18 49
18 79
58 35
3 22
44 15
14 33
21 56
25 25
7 24
7 46
8 71
7 65
28 23
23 76
17 58
2 91
41 20
4 6
56 24
11 2
15 49
92 1
52 33
31 3
24 63
32 66
36 57
39 2
36 1
56 13
9 35
2 4
26 33
57 42
21 49
58 5
40 21
20 61
67 18
53 2
51 10
11 27
11 90
16 62
53 21
16 79
58 31
82 18
47 26
79 7
79 12
34 6
29 28
62 17
35 29
32 59
71 30
2 6
18 42
37 54
23 35
4 75
9 19
7 25
60 6
41 15
10 18
32 42
12 37
14 87
24 43
7 17
20 36
2 92
51 23
29 20
23 43
13 66
50 30
8 43
24 1 3
9 8
24 3 7
9 8
13 8
17 8
24 2 15
9 8
13 8
24 3 1
9 8
13 8
17 8
24 3 18
9 8
13 8
17 8
37 55 35
13 16
9 4
17 16
12 16
22 3
15 3
16 10
22 10
21 14
17 3
3 10
4 30
17 17
28 4
11 6
8 6
24 4
7 29
13 5
2 13
6 30
30 4
9 1
5 22
1 31
22 3
7 14
14 8
13 25
9 19
30 6
2 13
5 20
7 23
11 24
12 18
19 2
30 3
5 5
2 29
16 8
17 4
36 2
20 1
7 28
3 11
28 5
8 7
16 10
15 20
2 26
9 7
9 23
12 12
1 11
24 2 18
9 8
13 8
24 3 19
9 8
13 8
17 8
100 100 57
29 6
19 67
34 52
26 65
7 16
26 2
60 9
71 6
92 4
30 5
29 12
7 60
2 69
19 6
11 76
68 23
31 5
3 1
24 11
39 47
11 4
9 32
53 33
3 8
30 36
56 35
43 18
51 3
38 23
37 45
27 11
47 35
11 9
10 91
60 19
61 36
75 22
95 3
31 51
68 7
9 52
34 57
83 2
5 91
12 6
25 2
42 25
32 58
16 32
9 91
44 54
11 66
49 49
75 10
66 13
87 11
27 61
69 25
9 18
9 7
24 19
29 42
36 47
4 33
40 45
18 36
35 26
20 73
13 68
27 67
21 31
11 76
11 62
38 49
38 33
33 52
5 71
8 78
64 16
3 10
65 15
67 23
53 41
12 17
31 52
46 1
57 21
17 14
22 53
27 55
28 71
48 7
28 44
83 18
16 59
13 19
52 35
17 34
11 83
25 40
2 1 1
1 2
24 3 3
9 8
13 8
17 8
24 1 18
9 8
24 3 21
9 8
13 8
17 8
100 100 49
16 40
73 26
47 15
38 3
48 20
74 15
20 2
79 7
41 9
28 73
4 83
23 67
55 21
26 32
64 1
14 71
78 20
10 10
17 48
18 42
87 9
7 44
45 22
4 2
26 63
36 21
40 28
11 18
60 13
46 35
15 66
37 23
59 12
45 56
8 58
28 22
56 35
48 34
2 58
29 11
20 6
35 32
8 85
59 40
20 29
3 70
32 36
36 21
6 88
44 47
30 58
40 61
11 34
11 77
6 35
22 26
70 2
30 7
49 17
57 26
2 2
76 8
27 74
31 23
17 73
80 8
65 28
34 59
9 51
5 44
19 65
24 8
24 41
22 5
47 53
21 50
3 37
87 8
32 46
61 30
7 11
6 25
42 49
5 86
64 14
29 26
76 6
29 18
24 73
71 7
68 12
14 6
18 5
28 54
35 61
3 47
99 1
57 29
46 48
4 86
24 3 9
9 8
13 8
3 10
24 3 14
9 8
13 8
3 10
24 3 12
9 8
13 8
17 8
24 3 11
9 8
13 8
3 10
24 3 13
9 8
13 8
17 8
23 26 1
16 2
4 10
1 12
10 14
17 1
12 9
12 5
7 14
14 4
1 19
5 15
3 3
18 6
3 14
8 2
5 6
17 2
2 4
7 12
7 9
9 13
22 2
22 2
16 1
15 3
13 1
2 1 2
1 2
24 3 24
9 8
13 8
17 8
24 3 22
9 8
13 8
17 8
100 100 16
56 12
51 5
71 1
81 8
41 52
20 63
46 53
22 47
43 1
71 9
73 22
44 41
36 22
70 29
29 26
2 64
56 28
4 46
2 48
69 21
6 36
88 3
39 33
34 23
54 7
11 33
66 26
4 52
10 24
55 28
6 55
73 22
60 22
70 3
2 74
7 33
82 17
38 19
14 10
2 53
72 27
8 18
20 63
75 22
9 90
6 10
27 62
45 34
4 36
70 16
9 76
13 50
8 51
21 55
79 8
43 25
65 19
15 16
10 79
8 87
43 44
46 12
9 85
67 23
55 3
71 9
49 48
8 56
47 45
30 23
4 57
23 16
10 46
2 23
6 48
46 4
5 67
25 74
15 20
79 1
47 47
8 28
23 12
26 27
51 21
36 21
23 33
60 39
58 38
48 53
12 28
62 32
32 41
9 65
20 36
18 27
29 27
8 11
19 75
11 69
24 3 5
9 8
13 8
17 8
2 1 2
2 1
24 3 2
9 8
13 8
3 10
100 100 2
89 12
56 45
44 16
27 48
7 42
39 55
4 54
15 37
63 32
5 35
75 18
7 18
23 44
64 33
68 10
68 4
4 32
62 2
7 62
82 3
63 27
36 31
75 25
2 18
30 59
37 50
13 52
77 5
12 66
2 10
15 5
11 3
56 30
7 51
30 13
7 14
33 38
83 4
9 56
16 52
14 86
54 12
71 18
47 19
9 56
49 9
29 53
12 22
57 28
33 67
13 76
16 65
23 8
36 44
48 15
31 51
63 5
17 1
38 36
49 23
55 16
28 26
17 12
36 52
5 37
33 25
37 53
59 38
9 58
1 84
28 24
61 29
30 47
70 18
86 2
11 73
19 66
43 18
40 27
68 6
10 29
32 48
33 61
55 19
54 35
76 2
26 72
2 47
10 89
12 12
27 2
12 67
42 31
18 83
1 55
81 16
17 24
90 3
10 31
15 41
24 3 23
9 8
13 8
3 10
2 1 2
1 1
24 1 23
9 8
24 3 17
9 8
13 8
3 10
24 2 19
9 8
13 8
17 45 10
9 7
14 3
5 1
1 2
13 3
12 4
5 13
4 13
1 9
12 6
8 9
7 2
5 13
1 15
7 4
12 6
7 6
4 8
5 6
5 11
14 2
6 3
8 7
7 8
9 1
5 2
6 12
12 2
13 5
2 11
4 9
3 10
2 3
6 6
4 12
12 5
2 11
10 2
2 7
8 6
10 4
3 9
1 8
12 4
13 5
24 3 15
9 8
13 8
3 10
24 2 20
9 8
13 8
24 1 13
9 8
24 3 16
9 8
13 8
3 10
24 1 20
9 8
24 3 16
9 8
13 8
17 8
24 1 15
9 8
24 3 24
9 8
13 8
3 10
24 2 2
9 8
13 8
24 2 11
9 8
13 8
24 2 21
9 8
13 8
24 2 13
9 8
13 8
24 3 17
9 8
13 8
17 8
24 2 9
9 8
13 8
24 2 10
9 8
13 8
24 2 12
9 8
13 8
100 88 57
48 25
6 44
14 43
5 2
6 30
19 23
56 35
89 9
50 48
43 30
63 38
15 81
1 64
6 90
10 24
15 57
14 58
61 7
59 37
4 8
54 6
44 32
55 25
69 11
32 5
27 20
29 33
12 19
12 56
19 43
81 18
31 51
38 34
4 16
58 42
5 34
95 1
4 49
7 86
16 21
8 25
17 45
28 35
47 17
5 49
3 68
17 48
14 61
25 46
21 53
57 28
55 15
81 2
10 23
11 17
65 11
2 15
8 33
19 43
66 33
23 22
26 47
41 10
40 48
75 22
18 78
46 8
8 83
34 49
62 9
3 38
8 38
7 33
49 31
51 21
97 4
31 59
19 3
17 46
62 20
53 11
13 58
2 6
62 22
6 71
44 8
36 58
53 39
27 30 10
1 7
3 23
5 20
13 11
5 4
4 17
23 4
21 5
2 20
7 5
7 6
3 18
7 13
9 2
16 12
10 1
6 14
8 3
5 9
16 10
3 19
7 10
10 9
7 9
13 6
2 15
15 4
11 13
10 16
2 1
11 65 6
6 6
6 2
3 3
8 2
3 3
8 4
5 6
1 6
2 7
5 1
1 4
3 1
2 3
2 3
3 2
1 5
10 2
5 7
8 4
5 4
5 4
1 4
3 2
4 7
2 6
4 1
3 8
5 2
1 11
7 2
4 4
9 2
8 1
5 7
7 1
1 10
7 4
1 4
9 2
2 5
2 4
1 1
5 7
4 7
3 6
5 3
3 2
2 2
5 1
7 1
5 3
3 8
5 4
10 2
3 9
1 2
3 9
9 1
3 2
2 8
5 1
10 1
10 2
6 4
8 3
24 3 14
9 8
13 8
17 8
24 3 4
9 8
13 8
17 8
24 3 6
9 8
13 8
17 8
46 26 19
16 16
4 1
15 19
20 27
11 30
17 16
28 12
30 11
24 20
18 27
19 11
2 9
34 1
23 10
25 5
1 40
5 41
6 8
42 2
11 34
35 7
1 24
38 3
11 12
25 3
10 10
100 100 79
40 50
15 82
31 18
75 19
12 79
32 36
31 65
84 11
11 87
44 14
65 32
55 12
40 8
69 6
49 10
67 34
17 28
62 19
38 46
35 25
66 6
44 38
14 45
4 65
47 3
52 27
21 29
47 3
64 2
62 17
48 25
85 8
24 46
67 3
39 31
14 61
58 34
44 13
4 26
29 55
20 37
48 51
80 5
22 13
44 29
32 50
83 13
10 9
29 25
1 81
13 6
83 3
15 43
40 4
16 33
32 42
39 1
43 25
7 76
85 9
18 75
11 71
31 41
1 17
37 9
5 30
41 14
70 8
2 1
8 10
34 8
2 65
47 22
55 44
14 85
50 45
12 65
14 22
15 22
73 21
4 45
64 35
49 24
35 26
8 92
43 47
29 17
29 18
36 37
1 92
2 51
41 12
8 53
4 86
22 40
58 43
16 5
2 1
56 4
32 51
24 1 8
9 8
24 2 24
9 8
13 8
24 3 9
9 8
13 8
17 8
24 2 4
9 8
13 8
37 34 22
30 7
12 12
14 19
23 9
15 22
4 26
4 22
11 11
8 11
17 4
17 20
18 3
14 23
7 28
31 6
1 24
9 28
4 23
34 4
4 16
7 21
23 5
5 31
34 1
1 21
16 8
22 4
17 8
9 6
12 8
27 3
15 4
23 4
2 6
24 3 12
9 8
13 8
3 10
24 3 19
9 8
13 8
3 10
9 45 8
4 5
5 5
5 1
5 1
1 2
5 1
3 3
4 5
2 2
6 4
2 7
1 4
5 1
9 1
7 1
8 1
6 3
2 3
3 1
2 5
1 1
8 2
2 7
2 5
3 7
1 6
4 2
5 3
2 8
5 4
3 2
3 3
4 3
5 4
2 8
7 1
2 2
1 1
3 2
3 7
1 6
2 7
1 9
3 2
2 6
24 1 10
9 8
49 94 31
24 18
35 2
9 28
18 3
8 20
9 11
27 14
8 9
3 38
30 2
37 4
30 17
37 5
5 37
6 14
37 13
27 17
9 41
22 27
10 32
27 2
39 11
31 1
23 11
1 28
31 6
45 5
8 39
1 8
6 36
16 1
5 22
10 22
16 29
1 32
14 4
37 2
12 5
3 44
20 27
23 22
42 2
24 6
35 14
19 22
8 37
26 7
18 18
4 43
8 17
33 4
5 7
21 27
3 8
36 3
15 19
31 5
9 8
44 4
7 28
9 17
3 37
20 1
30 12
5 1
17 15
5 4
3 10
12 24
8 7
28 11
34 5
18 2
14 17
2 32
9 37
13 15
27 12
28 10
22 22
18 4
17 27
5 11
4 33
4 33
3 5
20 1
15 25
17 9
10 21
24 17
27 21
6 5
1 17
54 62 50
7 44
13 21
17 16
6 36
24 18
27 9
28 8
22 22
5 47
11 27
4 2
27 2
39 11
4 43
48 5
45 7
11 30
17 25
21 15
17 14
11 27
42 2
21 21
14 21
15 16
13 23
25 14
37 1
46 5
25 7
22 25
28 17
4 46
2 36
13 24
2 20
12 9
6 49
19 29
19 1
26 26
13 23
16 12
27 14
3 40
25 21
4 50
6 22
27 19
5 3
40 10
2 24
29 2
10 8
43 10
26 13
37 3
5 10
36 16
31 23
38 15
16 38
24 1 17
9 8
24 3 13
9 8
13 8
3 10
24 3 11
9 8
13 8
17 8
100 100 76
33 25
5 67
46 1
41 4
6 10
3 38
9 91
60 18
46 52
55 18
27 9
37 23
42 23
6 66
16 30
52 22
4 81
43 31
67 9
64 6
93 6
22 11
8 36
41 26
15 41
9 54
30 70
43 22
2 72
19 13
15 2
15 86
37 46
68 14
26 72
54 47
54 38
23 24
87 4
19 72
41 27
3 21
19 56
42 9
11 63
41 48
4 49
35 31
39 53
49 1
47 25
10 77
48 42
94 7
7 17
33 42
11 25
27 49
13 7
49 10
19 67
11 42
1 6
41 52
6 94
78 15
32 6
35 53
73 19
60 7
63 35
22 38
16 19
11 49
22 36
14 7
6 31
32 10
20 64
72 24
11 3
39 32
14 69
25 22
38 60
74 19
3 63
33 11
17 5
38 26
40 57
10 54
42 55
4 60
15 24
22 19
19 8
19 4
22 1
59 37
24 2 23
9 8
13 8
100 100 47
7 6
6 14
43 19
58 13
13 60
48 6
56 27
6 87
55 14
48 37
82 2
80 15
25 52
29 64
15 72
79 15
36 41
3 11
95 4
3 84
68 15
20 17
35 5
28 16
21 66
17 24
21 40
29 70
2 33
11 22
1 27
22 2
7 8
7 49
53 22
39 39
59 14
89 9
1 39
35 18
47 41
50 27
3 22
21 24
15 17
45 9
82 14
2 20
62 4
16 39
38 40
1 96
34 66
25 7
37 2
62 20
15 65
7 68
23 78
33 56
90 7
41 49
9 32
31 62
23 30
57 35
9 23
65 15
9 40
27 1
30 16
20 33
30 59
58 39
52 26
75 6
25 27
76 12
30 20
65 21
93 8
4 48
50 16
12 74
29 52
12 13
71 27
33 42
20 2
15 66
47 52
7 79
5 33
4 89
16 66
4 95
54 47
21 42
9 14
36 45
100 100 23
27 70
32 13
66 7
37 60
49 22
5 70
43 3
26 4
11 34
9 69
1 6
24 19
59 40
32 1
60 28
4 72
22 66
16 78
5 62
9 89
20 8
56 32
36 59
10 82
7 44
42 58
28 43
41 12
39 5
41 38
61 12
31 48
4 11
29 38
15 40
12 88
48 12
48 26
61 37
3 68
57 5
86 8
25 19
40 46
26 12
11 52
22 57
41 48
84 5
67 15
15 25
13 82
24 44
2 11
26 47
21 77
2 87
20 12
50 22
3 54
40 56
58 15
61 33
14 3
19 19
22 35
9 7
1 58
71 18
21 43
89 11
66 7
4 59
27 54
21 15
9 75
59 10
32 64
37 33
9 43
1 48
4 97
38 21
47 19
39 7
6 82
43 12
7 82
41 32
40 19
12 43
44 50
24 14
37 52
51 43
27 8
58 15
33 39
76 10
49 31
100 100 31
8 78
48 14
16 36
16 39
24 4
62 7
78 1
13 87
35 58
39 36
52 2
42 35
27 28
12 4
41 48
8 64
50 19
28 42
20 20
59 24
73 5
59 20
4 79
67 10
85 3
76 10
59 6
2 19
52 6
16 42
53 5
6 82
10 84
24 40
28 49
2 22
37 12
42 2
3 35
22 72
47 23
61 2
8 35
54 29
19 24
21 42
40 48
26 56
11 41
57 38
6 17
57 19
7 12
37 31
68 12
7 27
74 27
38 4
11 65
12 6
31 64
15 80
38 46
75 24
13 42
77 18
28 30
13 71
19 13
1 14
9 49
7 65
24 72
55 25
20 19
2 72
42 5
64 2
15 69
50 18
18 2
96 1
62 27
22 61
70 8
58 26
12 50
16 47
64 7
86 11
7 36
52 42
19 4
3 59
83 8
14 49
14 63
43 1
8 56
16 55
44 85 12
9 26
33 4
24 16
16 11
18 18
6 2
27 7
33 1
24 8
14 17
11 3
44 1
10 12
16 1
8 27
14 7
2 18
22 1
29 14
21 15
32 6
12 19
43 1
7 2
25 8
25 15
36 8
9 18
29 14
21 23
8 8
14 6
6 7
27 15
14 21
19 21
11 13
1 5
19 20
6 8
22 1
20 25
2 7
16 5
1 34
16 4
15 3
35 4
5 5
12 4
38 2
12 3
6 6
11 25
4 7
31 3
7 3
6 24
2 32
42 1
19 5
20 10
40 5
3 33
23 15
31 14
1 1
1 36
3 7
18 14
23 18
22 10
7 17
6 22
27 8
16 16
7 3
19 10
5 19
18 6
26 10
4 29
3 32
4 2
2 39
24 2 22
9 8
13 8
24 2 17
9 8
13 8
100 100 79
9 2
10 42
44 26
6 19
30 23
73 25
57 14
10 71
23 30
76 5
18 1
75 10
59 28
31 44
83 5
15 25
14 60
25 51
2 39
21 22
37 20
20 68
53 42
52 7
52 16
10 31
56 41
55 4
48 20
36 65
80 14
28 45
1 91
1 32
51 25
77 7
27 55
47 40
71 13
37 57
40 11
11 13
51 29
6 39
47 4
3 25
93 7
38 14
31 37
56 14
32 46
47 45
34 21
20 57
51 18
66 23
12 77
67 11
73 21
49 7
4 18
33 47
59 4
23 35
2 90
8 10
3 36
27 28
89 4
36 63
29 63
2 53
54 23
8 12
61 37
5 28
7 26
1 64
53 40
36 48
41 11
26 48
4 87
64 27
18 75
85 7
13 41
59 37
14 43
19 22
11 34
40 14
18 72
9 3
22 62
19 6
83 3
1 5
24 15
49 10
100 100 49
2 98
2 98
2 98
2 98
2 98
2 98
2 98
2 98
2 98
2 98
2 98
2 98
2 98
2 98
2 98
2 98
2 98
2 98
2 98
2 98
2 98
2 98
2 98
2 98
2 98
2 98
2 98
2 98
2 98
2 98
2 98
2 98
2 98
2 98
2 98
2 98
2 98
2 98
2 98
2 98
2 98
2 98
2 98
2 98
2 98
2 98
2 98
2 98
2 98
2 98
2 98
2 98
2 98
2 98
2 98
2 98
2 98
2 98
2 98
2 98
2 98
2 98
2 98
2 98
2 98
2 98
2 98
2 98
2 98
2 98
2 98
2 98
2 98
2 98
2 98
2 98
2 98
2 98
2 98
2 98
2 98
2 98
2 98
2 98
2 98
2 98
2 98
2 98
2 98
2 98
2 98
2 98
2 98
2 98
2 98
2 98
2 98
2 98
2 98
2 98
24 2 1
9 8
13 8
24 1 19
9 8
91 67 53
28 19
52 27
54 10
54 10
75 11
10 16
19 69
15 67
63 29
13 21
13 54
17 55
75 6
56 28
23 29
20 10
42 42
10 40
17 69
34 54
13 12
16 14
54 24
13 48
2 73
60 25
72 14
16 7
2 20
18 9
39 30
51 23
20 15
66 5
5 37
25 21
43 47
20 5
27 39
67 10
74 5
9 13
27 57
7 48
2 72
5 43
6 62
19 73
27 59
42 33
33 26
52 6
72 18
81 2
29 1
44 14
2 25
1 24
30 48
4 28
64 11
4 74
50 40
12 2
35 11
79 13
15 47
100 100 60
25 20
8 69
16 35
28 53
83 15
19 3
33 49
17 23
53 42
66 17
5 70
51 36
31 7
61 5
7 15
43 42
79 1
83 2
10 72
42 30
63 9
81 12
33 25
20 45
42 44
79 7
1 23
17 43
56 17
34 54
24 47
30 19
34 3
53 26
14 54
71 6
9 50
46 47
25 44
50 24
27 48
3 79
59 4
13 44
74 18
46 19
55 21
5 44
73 2
21 30
7 62
58 12
26 68
11 43
50 30
55 23
59 35
61 4
20 65
33 26
80 10
28 68
24 51
8 92
24 14
3 79
13 36
76 12
31 30
16 2
9 8
6 14
44 48
13 54
6 60
48 16
41 3
61 24
21 50
19 70
56 41
8 24
69 11
26 47
5 77
16 21
6 48
34 30
9 6
13 9
68 31
31 43
3 17
11 74
6 63
30 7
28 18
11 52
80 19
45 52
58 67 52
47 3
1 11
16 6
1 35
22 14
3 15
54 1
43 13
7 14
2 23
12 46
9 31
20 13
3 6
39 7
9 31
8 45
28 30
42 1
36 21
8 9
24 24
31 2
37 6
44 15
24 34
39 17
24 10
30 6
28 15
13 16
39 19
10 40
20 37
15 11
20 34
44 5
46 13
13 12
24 1
11 12
17 7
4 40
42 10
13 32
40 11
21 26
22 11
30 14
53 5
5 46
11 24
32 5
19 6
6 35
43 16
13 5
31 26
38 4
20 11
24 2
14 18
4 17
13 31
52 2
50 6
5 6
