147
63 39 57
3 54
30 24
8 38
2 20
30 4
3 34
1 22
8 6
3 33
55 5
21 40
58 5
18 32
39 5
20 7
4 5
9 22
41 8
3 50
3 33
41 7
23 38
6 32
36 17
13 4
17 29
17 43
10 54
36 22
3 35
3 39
48 5
5 37
16 14
11 19
22 20
31 5
35 18
22 31
2 1 1
2 1
24 2 18
9 8
13 8
24 3 8
9 8
13 8
17 8
100 100 94
3 39
82 10
14 69
33 29
45 5
61 31
3 40
86 11
16 66
43 34
87 1
65 29
14 29
14 83
37 58
60 23
10 2
48 44
67 32
20 61
27 12
45 15
52 47
4 85
44 42
75 14
48 5
40 21
72 15
34 63
30 28
17 57
29 53
36 60
31 8
26 75
83 5
3 94
83 1
42 52
8 50
22 33
75 25
72 9
78 4
16 46
61 28
27 18
50 5
2 3
19 31
53 14
58 43
9 29
55 25
63 27
66 25
59 22
2 40
8 90
35 49
11 46
36 38
61 24
1 82
24 20
47 36
18 40
54 12
2 3
10 30
60 15
11 56
40 48
18 65
39 29
53 12
82 12
60 9
42 10
64 21
20 27
19 1
4 9
34 43
15 17
42 17
6 33
77 5
87 12
50 31
42 38
39 18
45 18
82 11
54 12
22 19
23 51
16 40
3 15
100 1 100
1 100
77 100 20
38 30
23 12
19 9
15 60
9 31
30 1
40 37
45 32
48 5
38 2
25 29
8 17
18 52
75 2
4 42
8 8
9 18
29 34
4 15
1 30
9 39
16 57
16 43
1 69
6 61
14 5
30 43
34 30
30 30
22 27
45 10
53 12
47 4
8 66
22 35
49 6
30 22
45 7
16 24
9 2
10 62
37 33
27 10
30 4
27 18
19 46
20 18
2 72
1 56
32 28
34 2
20 18
18 5
47 5
72 4
7 35
24 17
52 22
3 10
63 5
37 23
33 21
15 16
61 2
70 6
41 13
15 42
56 17
34 13
49 1
45 26
17 18
19 52
44 22
4 13
11 24
18 35
53 15
34 26
50 28
27 43
13 41
28 16
34 1
52 14
12 26
59 1
31 44
36 7
55 15
2 15
46 21
33 36
1 17
11 67
39 12
30 12
7 69
2 37
33 27
24 1 2
9 8
2 1 2
2 1
24 3 8
9 8
13 8
3 10
24 1 12
9 8
100 100 100
7 32
19 77
58 23
22 31
61 34
51 43
32 27
10 54
17 9
19 9
10 33
15 72
18 28
9 72
27 40
42 41
16 6
46 15
60 7
1 25
14 31
58 40
85 14
30 71
44 26
62 27
41 55
50 36
41 3
32 10
17 67
13 50
16 72
13 11
2 90
32 48
52 36
22 36
3 68
28 10
63 25
23 74
1 86
14 48
26 70
56 3
78 14
40 44
87 10
49 42
48 36
14 59
41 35
35 49
30 51
41 10
25 76
82 4
70 26
50 46
4 88
21 55
30 58
11 17
16 6
14 22
60 29
11 6
26 75
19 11
28 68
38 4
34 27
27 27
11 46
6 51
35 8
33 17
67 14
12 31
60 8
88 1
55 35
16 66
1 39
3 35
53 30
85 14
41 41
73 23
11 45
22 43
5 37
90 3
21 44
42 29
12 9
10 85
14 63
24 43
24 3 10
9 8
13 8
3 10
100 100 27
38 2
29 28
68 15
7 74
21 18
20 15
39 48
7 79
56 24
5 11
36 6
31 47
44 54
18 28
14 33
41 59
13 24
72 23
33 38
21 51
29 34
10 35
56 9
24 41
7 40
8 13
65 16
36 25
1 70
1 86
35 28
42 33
44 12
67 4
48 7
2 64
3 45
71 26
53 16
11 83
13 36
31 27
39 49
54 4
61 33
19 29
20 32
5 47
40 50
76 9
35 48
61 5
10 8
68 5
5 45
43 6
77 22
4 90
39 36
24 36
54 42
79 20
70 19
54 26
45 27
93 1
26 75
22 41
37 4
69 10
82 5
11 39
43 37
37 49
40 43
68 9
1 93
10 28
2 85
42 18
95 5
63 11
43 23
12 9
22 9
21 74
24 47
65 34
30 53
16 50
50 26
49 14
1 85
20 54
95 5
63 22
31 69
19 14
30 68
46 40
24 3 20
9 8
13 8
17 8
100 100 67
22 64
44 43
2 51
42 38
11 87
37 40
88 2
52 49
22 29
6 86
11 33
4 8
12 22
29 72
25 55
7 73
16 25
14 20
14 59
6 43
43 14
25 38
10 8
30 16
21 45
27 22
68 14
61 24
41 3
14 27
50 11
62 19
35 52
28 3
87 12
22 1
3 56
44 39
3 72
56 25
3 2
41 22
46 20
39 53
43 38
5 30
7 60
68 1
63 13
2 62
64 21
4 73
42 19
11 18
13 3
24 25
27 35
21 32
8 42
23 17
47 48
25 64
16 85
50 39
26 57
55 1
40 31
71 4
5 77
31 28
61 7
34 48
54 11
31 55
24 31
93 5
31 57
30 15
39 37
84 16
31 55
20 5
17 79
22 59
25 63
37 17
60 28
48 21
65 35
81 1
27 13
20 41
43 37
34 10
5 69
67 27
2 57
9 7
57 6
17 70
24 3 2
9 8
13 8
3 10
37 48 20
11 25
25 12
7 31
4 19
6 29
31 5
10 3
12 17
2 15
1 5
3 1
16 5
6 23
16 9
4 13
14 23
3 13
16 12
8 5
11 7
31 6
11 11
26 5
16 2
17 13
10 8
6 30
18 7
8 11
1 26
1 23
12 18
21 4
6 21
18 8
9 21
11 19
5 33
2 32
10 10
16 7
4 6
11 18
23 12
2 29
12 1
10 11
7 29
2 1 2
1 2
24 2 1
9 8
13 8
24 2 23
9 8
13 8
12 65 10
4 8
2 11
6 6
1 3
6 5
2 10
7 2
5 7
1 4
1 8
7 6
12 1
1 9
9 1
9 3
5 4
3 5
1 8
2 3
10 1
5 4
1 2
4 9
5 3
4 3
1 3
3 4
1 5
4 2
2 10
6 5
5 8
6 4
4 3
9 3
9 4
5 8
1 8
2 8
1 1
5 2
6 1
8 1
5 2
4 9
6 5
1 5
10 2
6 6
2 8
3 3
1 12
2 2
3 2
2 6
12 1
2 4
9 3
6 6
4 3
6 3
3 5
3 2
12 1
1 10
100 100 83
17 57
22 31
37 55
74 14
10 57
52 29
47 54
6 30
50 44
7 86
11 34
13 64
14 10
55 12
60 28
49 16
51 16
27 3
63 1
19 1
55 30
18 15
5 49
53 9
55 12
33 56
23 58
34 16
52 23
3 72
1 81
2 56
14 74
6 86
67 11
68 9
74 17
36 3
54 12
38 31
40 3
4 71
57 33
42 33
7 72
64 31
32 59
29 1
35 55
34 9
27 61
45 9
34 8
41 50
29 42
22 70
31 17
43 32
83 4
13 85
48 49
18 78
20 68
28 57
17 70
13 55
44 51
19 67
4 3
10 65
10 66
14 81
57 9
10 28
34 16
21 70
23 38
29 17
15 70
10 82
14 82
27 67
33 48
45 27
55 22
7 34
35 55
81 13
34 26
49 1
25 63
6 28
57 42
1 95
64 19
75 12
35 66
75 11
70 10
28 55
24 2 16
9 8
13 8
2 1 1
1 1
24 3 13
9 8
13 8
3 10
17 79 16
4 9
2 15
11 1
3 6
5 7
14 1
1 16
1 1
3 3
5 2
8 6
5 4
6 2
10 7
14 4
5 6
9 4
8 6
1 9
1 13
11 2
6 9
4 9
7 3
17 1
4 7
6 12
11 6
13 1
7 10
6 11
1 13
11 4
7 11
6 6
11 4
1 17
1 3
3 14
9 9
15 3
14 1
4 6
8 10
3 1
3 10
2 8
11 4
5 9
5 3
13 5
10 8
10 8
4 11
14 2
3 11
12 5
7 4
11 7
7 5
5 10
1 9
13 5
11 1
9 5
5 12
5 13
2 15
8 6
8 2
13 2
3 15
16 1
11 6
5 11
11 4
1 2
1 4
7 7
24 3 7
9 8
13 8
3 10
24 3 7
9 8
13 8
17 8
24 3 12
9 8
13 8
17 8
24 2 7
9 8
13 8
24 3 23
9 8
13 8
17 8
98 89 45
31 51
9 30
57 41
5 36
3 89
40 20
55 15
40 49
94 4
6 77
15 73
13 81
21 74
58 25
26 4
1 40
6 58
7 70
2 27
76 7
50 43
12 21
33 41
15 43
7 30
25 8
48 6
9 23
38 2
43 6
8 14
64 19
15 37
7 9
38 18
52 15
35 22
66 6
40 41
73 17
35 12
4 74
38 59
34 17
8 18
11 33
55 7
12 40
4 32
18 76
27 21
90 4
1 64
24 41
73 15
67 17
16 62
5 69
52 47
17 22
29 58
48 43
70 29
59 38
17 27
57 40
56 30
51 12
37 3
21 9
54 42
85 3
24 70
34 29
15 18
55 21
53 18
12 80
48 21
59 1
9 62
21 29
39 12
35 6
5 68
60 35
17 39
8 42
42 27
2 1 2
1 1
71 41 2
2 8
28 36
41 25
7 60
25 18
33 4
8 28
36 25
35 12
13 26
12 50
11 50
5 1
28 41
20 21
8 10
11 48
10 53
10 50
1 40
41 22
36 19
50 18
40 23
8 18
1 16
23 38
16 20
37 32
6 20
17 25
27 1
17 38
54 14
35 29
26 2
10 47
29 8
34 14
27 39
26 6
24 2 2
9 8
13 8
24 3 19
9 8
13 8
17 8
24 2 12
9 8
13 8
100 1 1
1 100
24 1 11
9 8
24 2 11
9 8
13 8
24 1 7
9 8
24 2 17
9 8
13 8
49 89 27
3 32
12 3
9 3
12 32
23 21
7 22
1 46
1 19
40 10
1 41
2 24
6 34
30 9
19 16
2 20
17 29
7 7
26 1
4 17
33 16
22 1
12 13
20 13
20 10
41 9
19 26
2 29
12 13
2 15
40 9
6 38
3 33
2 20
20 24
36 11
9 22
17 4
29 21
14 12
18 29
31 8
31 7
10 38
9 21
15 17
15 7
14 21
18 19
7 24
9 13
4 17
35 1
28 12
9 20
11 1
26 15
18 27
36 2
6 12
43 6
21 23
18 28
17 9
35 11
38 12
15 30
18 32
26 22
48 2
35 6
1 8
30 6
26 21
33 3
11 22
6 44
31 4
19 21
1 44
25 17
6 17
13 17
24 15
29 18
4 38
42 5
9 33
42 2
26 5
100 100 52
62 3
53 27
26 30
38 40
5 17
45 17
78 10
76 3
20 40
67 4
27 11
30 71
37 34
20 15
25 59
19 20
26 29
17 81
3 89
5 50
12 33
21 61
9 23
51 47
43 13
18 63
29 57
30 45
30 20
86 10
54 16
8 73
28 9
33 57
11 89
47 17
7 45
41 37
49 34
15 18
5 65
7 53
7 5
30 11
11 85
95 3
92 8
41 17
53 23
23 56
17 49
55 41
15 22
44 9
15 46
89 10
19 48
3 13
52 10
25 50
90 8
11 59
53 18
29 66
10 80
5 89
26 46
22 38
35 39
75 17
46 36
13 55
44 28
34 66
35 11
25 9
36 1
36 60
2 37
59 39
31 50
3 84
3 10
15 70
6 87
20 11
25 42
57 21
33 35
64 1
3 44
39 26
17 76
2 86
17 84
10 83
68 10
51 37
32 48
55 20
100 100 60
51 28
48 7
81 3
10 24
78 13
2 5
41 47
1 57
100 1
25 50
19 64
62 21
69 15
14 14
13 7
9 15
35 11
1 19
5 67
2 85
4 89
26 11
59 5
28 70
38 4
20 65
67 25
49 24
5 16
37 51
63 26
59 31
31 8
85 7
79 14
18 39
85 5
31 37
2 92
35 22
69 15
34 38
23 72
52 24
26 26
32 21
21 6
25 63
40 47
33 6
41 27
66 17
70 28
35 51
46 42
55 36
9 47
12 11
2 32
1 51
11 26
25 43
1 27
55 29
28 62
4 29
51 40
1 58
25 45
49 45
39 50
22 21
66 16
8 61
14 67
12 10
18 2
21 34
54 34
66 14
28 73
20 76
20 61
8 84
71 21
49 22
8 27
60 18
18 14
22 32
71 25
72 8
64 37
61 18
15 27
37 44
51 1
21 16
43 33
18 79
24 3 2
9 8
13 8
17 8
24 1 19
9 8
24 2 14
9 8
13 8
24 3 10
9 8
13 8
17 8
24 3 3
9 8
13 8
3 10
24 1 5
9 8
29 52 9
17 2
13 4
13 7
23 1
9 3
5 15
12 10
5 14
11 10
13 2
14 7
10 10
2 8
2 21
1 19
14 13
1 15
2 25
20 3
1 20
2 17
27 3
21 1
7 16
4 6
10 5
5 8
14 14
13 9
4 13
14 14
12 12
12 13
6 2
18 11
2 10
3 5
2 5
6 14
18 1
16 6
9 18
11 3
16 4
28 1
27 2
15 3
7 15
2 7
1 5
5 15
21 3
24 1 15
9 8
24 1 8
9 8
24 2 9
9 8
13 8
24 1 3
9 8
24 1 20
9 8
26 79 23
16 7
19 3
2 1
2 22
2 5
1 22
5 5
4 14
14 13
14 11
15 4
21 1
21 6
6 19
14 3
14 9
11 11
16 7
18 4
1 4
7 8
2 22
9 17
11 11
2 16
4 4
2 21
1 11
13 11
19 1
4 23
11 6
2 10
5 9
1 16
3 15
10 6
10 11
13 11
13 4
10 8
4 15
17 5
4 21
21 4
19 5
15 8
6 16
13 9
13 8
3 19
2 24
13 12
18 8
6 10
3 20
22 3
12 8
4 5
12 4
24 2
3 9
20 2
1 12
1 18
24 2
3 17
2 8
1 9
1 26
2 21
6 19
6 13
4 22
1 9
1 16
6 18
3 7
4 22
24 3 22
9 8
13 8
3 10
43 36 19
20 17
23 21
6 33
1 14
1 32
9 31
3 16
14 4
3 31
16 16
4 33
3 13
34 6
25 5
19 17
2 34
9 9
6 11
8 9
27 2
1 20
24 15
4 19
3 35
35 3
12 17
5 32
15 28
2 20
28 13
2 12
7 11
7 18
8 33
11 18
28 11
2 1 1
1 2
24 3 21
9 8
13 8
17 8
24 1 4
9 8
24 2 13
9 8
13 8
100 100 49
2 98
2 98
2 98
2 98
2 98
2 98
2 98
2 98
2 98
2 98
2 98
2 98
2 98
2 98
2 98
2 98
2 98
2 98
2 98
2 98
2 98
2 98
2 98
2 98
2 98
2 98
2 98
2 98
2 98
2 98
2 98
2 98
2 98
2 98
2 98
2 98
2 98
2 98
2 98
2 98
2 98
2 98
2 98
2 98
2 98
2 98
2 98
2 98
2 98
2 98
2 98
2 98
2 98
2 98
2 98
2 98
2 98
2 98
2 98
2 98
2 98
2 98
2 98
2 98
2 98
2 98
2 98
2 98
2 98
2 98
2 98
2 98
2 98
2 98
2 98
2 98
2 98
2 98
2 98
2 98
2 98
2 98
2 98
2 98
2 98
2 98
2 98
2 98
2 98
2 98
2 98
2 98
2 98
2 98
2 98
2 98
2 98
2 98
2 98
2 98
24 1 10
9 8
51 33 6
19 19
10 33
28 24
22 16
2 19
15 9
28 7
26 18
8 1
14 17
11 38
8 40
28 21
16 28
5 20
19 30
6 7
3 42
31 5
14 11
30 7
9 33
32 4
30 8
27 23
33 2
1 7
31 9
8 26
8 32
33 10
4 11
14 11
24 3 13
9 8
13 8
17 8
24 3 20
9 8
13 8
3 10
24 3 15
9 8
13 8
3 10
24 3 12
9 8
13 8
3 10
24 3 6
9 8
13 8
17 8
24 3 14
9 8
13 8
3 10
100 100 11
23 37
4 81
34 62
62 23
3 81
75 24
41 33
3 84
36 48
18 2
3 4
78 12
55 31
16 84
73 10
2 25
62 14
16 78
23 39
30 53
40 31
8 41
4 24
31 7
58 33
24 8
53 47
28 11
8 5
20 46
69 15
28 56
38 58
53 13
71 23
42 37
35 11
63 12
31 29
11 82
4 4
70 10
43 52
51 45
10 20
50 40
6 49
55 33
38 10
23 45
46 19
25 1
60 9
29 10
35 63
47 14
24 19
38 46
46 55
27 70
13 59
4 16
25 6
46 51
33 17
19 32
1 22
54 34
34 5
31 57
52 39
26 43
9 31
6 88
59 24
23 34
13 42
82 13
18 76
59 36
51 50
88 2
69 20
69 26
12 10
16 8
31 22
30 5
14 35
52 38
40 38
36 65
31 38
39 32
22 20
26 37
6 48
49 39
42 19
2 17
24 1 16
9 8
100 100 6
63 2
16 53
44 25
73 25
98 3
60 25
48 14
37 6
66 27
4 14
44 1
7 16
34 5
16 48
51 33
7 4
4 92
19 47
66 34
45 48
30 15
45 52
4 45
11 80
12 71
29 52
4 28
34 49
7 41
66 18
22 73
56 9
21 68
5 39
38 56
6 25
4 1
88 1
9 39
14 82
57 24
7 2
12 67
83 12
12 33
46 27
51 39
14 41
38 48
9 44
4 48
26 63
73 28
54 37
33 38
55 37
25 46
16 25
37 42
29 7
1 38
15 60
66 5
12 3
49 1
13 85
82 7
18 49
33 50
10 90
15 66
20 7
12 56
25 56
77 20
78 22
4 53
34 6
43 55
28 53
5 88
73 27
66 35
1 68
23 77
87 8
26 46
84 10
18 47
20 38
42 19
69 14
4 23
34 28
24 66
20 36
65 33
76 14
46 10
45 18
7 4 5
3 3
3 3
6 1
2 6
24 3 4
9 8
13 8
3 10
40 93 39
14 6
5 32
14 19
14 6
2 1
9 7
8 14
9 19
13 18
11 25
14 16
2 37
3 16
2 28
33 8
5 15
4 1
17 15
19 19
4 14
31 4
2 6
6 15
35 4
13 5
12 12
9 14
12 7
22 4
10 2
5 28
4 27
10 2
28 3
22 9
5 31
5 22
15 16
27 2
10 18
10 25
21 7
10 16
8 5
23 11
14 11
2 4
16 25
4 18
31 2
24 8
9 20
30 4
15 17
24 2
5 33
22 13
15 4
1 9
27 1
20 20
13 8
11 24
25 4
33 1
3 14
2 28
15 25
18 12
11 17
13 15
15 8
7 24
1 25
1 1
10 17
3 1
18 22
9 28
15 4
8 6
31 10
16 1
11 11
29 2
2 18
17 21
1 16
6 30
21 10
6 8
34 1
1 10
24 1 6
9 8
24 1 21
9 8
100 100 84
14 16
50 27
28 37
25 39
2 71
31 15
39 15
81 18
4 63
1 66
10 31
3 85
47 22
27 25
38 6
46 4
64 21
53 35
53 11
72 3
41 16
28 47
6 91
91 9
89 8
61 24
19 28
3 33
18 27
18 55
17 59
92 2
21 67
54 8
6 18
58 29
76 7
46 51
29 34
34 4
14 51
54 30
10 6
22 13
26 10
36 16
53 22
7 84
66 1
59 36
47 26
8 3
46 18
19 21
87 10
29 7
15 84
56 2
32 49
19 49
68 27
45 40
52 22
14 41
72 22
27 30
52 19
14 16
20 11
21 9
5 40
2 69
11 7
42 47
27 14
16 21
10 12
5 35
29 48
51 49
58 19
57 22
21 59
17 2
8 17
24 17
3 62
62 10
67 24
31 27
39 23
36 46
37 31
5 58
11 56
32 55
75 3
7 61
21 24
21 62
24 3 16
9 8
13 8
3 10
100 100 56
41 7
17 83
8 46
42 47
33 41
9 69
46 17
20 30
6 75
26 4
30 38
60 34
50 17
48 25
38 32
8 41
31 46
47 53
15 31
69 21
7 59
14 8
29 39
9 65
60 29
70 8
47 8
29 28
1 64
36 56
44 27
4 22
66 13
5 33
12 49
18 78
7 55
15 12
77 22
22 69
65 27
7 60
34 12
7 59
5 62
6 18
78 10
1 27
27 68
9 48
64 10
85 14
69 17
63 26
22 30
26 5
7 13
29 60
51 3
12 85
13 85
5 15
4 92
28 39
58 16
32 44
4 3
24 60
12 63
95 4
10 16
6 71
27 17
60 32
69 30
12 2
12 25
79 14
6 36
81 15
28 63
14 20
21 22
8 47
18 45
9 77
51 46
6 73
36 11
57 41
51 42
91 7
36 52
32 41
61 10
81 11
43 40
74 16
32 11
24 62
100 100 82
27 20
42 56
7 38
87 4
5 31
50 15
7 38
10 66
54 12
30 15
35 32
12 35
68 31
4 39
55 10
36 55
48 49
43 9
6 64
31 50
20 35
12 11
41 15
27 8
46 28
15 45
60 39
42 20
49 13
54 15
25 6
96 3
74 26
28 73
35 59
16 57
20 60
21 41
21 18
17 53
62 30
10 90
3 29
35 61
30 20
28 41
38 56
11 53
38 62
54 25
15 33
86 3
53 28
54 15
8 75
5 6
23 68
36 16
36 4
11 77
51 25
48 12
55 24
42 1
43 13
25 74
35 53
54 12
18 33
65 3
53 7
47 52
10 80
1 76
46 8
6 91
19 65
90 11
16 49
60 9
70 24
4 14
36 46
34 2
85 9
50 31
59 41
89 9
60 2
4 94
12 43
82 13
31 27
11 81
5 75
78 1
67 14
19 65
23 61
63 23
24 3 14
9 8
13 8
17 8
24 2 19
9 8
13 8
24 2 21
9 8
13 8
100 100 99
18 65
28 70
71 15
11 31
21 14
80 14
17 44
39 45
55 29
74 9
10 69
46 40
14 17
54 12
35 34
34 61
7 30
2 13
28 40
13 80
17 18
51 37
60 17
52 47
20 30
38 2
50 33
55 16
13 82
73 7
63 11
10 23
16 69
19 32
46 8
3 47
19 42
35 44
31 49
33 25
31 10
8 71
65 28
59 21
10 66
16 54
57 25
8 18
11 21
39 46
48 30
24 47
42 57
6 82
4 5
85 2
75 14
31 48
61 29
80 5
66 15
22 69
21 42
83 7
16 67
27 68
73 1
69 17
30 60
34 62
20 46
81 6
66 24
8 8
14 40
49 11
45 28
54 12
9 78
25 61
47 51
42 57
5 52
28 63
15 27
65 36
63 29
87 2
77 20
68 29
75 19
95 4
1 59
66 32
16 5
34 20
38 4
9 57
39 13
6 95
24 2 24
9 8
13 8
24 3 4
9 8
13 8
17 8
68 94 8
27 34
8 52
4 64
43 10
22 17
59 4
16 18
46 5
55 14
7 62
41 19
23 28
7 35
2 38
54 3
7 44
28 13
9 53
64 2
37 23
14 7
41 22
9 8
16 19
21 30
6 14
46 17
13 55
2 59
34 4
9 48
19 43
48 11
55 5
1 51
10 5
1 40
9 25
3 19
13 3
22 39
16 29
47 4
13 12
19 19
16 51
5 34
26 40
7 56
50 9
32 32
29 33
37 16
5 9
23 8
24 12
51 9
9 19
38 12
3 9
36 7
29 12
28 5
6 31
9 38
12 40
14 3
29 13
38 24
16 21
7 57
7 2
14 26
30 15
27 18
18 38
42 3
2 22
15 39
44 24
30 6
1 15
17 16
42 16
20 3
46 5
49 12
7 2
34 9
16 30
10 54
2 16
20 16
44 8
24 1 14
9 8
24 3 9
9 8
13 8
3 10
24 3 23
9 8
13 8
3 10
24 3 3
9 8
13 8
17 8
51 69 17
7 18
38 6
11 10
23 3
16 10
42 6
18 16
20 11
27 10
35 5
10 35
12 15
26 17
27 20
27 14
25 19
18 5
24 10
3 35
24 27
4 7
6 8
1 41
45 4
10 1
19 32
1 42
1 51
31 18
17 27
21 22
19 8
19 12
37 4
1 40
19 10
11 37
10 2
10 25
27 6
30 19
44 4
3 44
2 32
27 22
18 5
47 2
32 6
8 11
35 16
14 37
18 15
5 42
9 34
6 8
32 6
9 14
40 9
35 8
6 35
40 4
26 14
6 31
14 26
34 8
26 2
3 2
1 40
7 2
100 100 72
17 43
39 59
6 72
58 5
16 35
61 35
51 35
18 52
18 66
17 79
42 42
37 26
30 38
41 19
51 44
9 65
60 10
33 21
78 14
33 16
72 5
29 30
8 81
71 13
83 7
68 8
10 48
4 41
9 53
4 71
9 59
14 65
75 17
21 16
48 49
10 48
23 59
47 50
16 45
12 14
49 2
72 19
22 62
13 34
39 38
1 57
25 34
4 10
23 31
71 20
17 21
8 87
15 58
24 39
16 15
28 57
41 31
24 64
42 30
14 50
76 23
21 63
33 52
35 33
69 20
30 54
14 82
57 15
21 26
43 11
77 7
49 14
73 10
41 20
7 78
21 37
1 22
41 14
6 22
49 30
6 8
71 29
94 4
46 21
9 51
74 17
9 33
12 17
24 57
56 1
24 60
49 36
1 44
23 39
17 32
40 21
3 4
50 32
10 11
6 28
24 2 8
9 8
13 8
24 1 23
9 8
24 3 19
9 8
13 8
3 10
24 3 11
9 8
13 8
3 10
24 3 1
9 8
13 8
3 10
24 1 13
9 8
100 100 100
72 9
17 21
18 19
66 11
66 9
10 32
50 48
46 9
19 35
1 90
2 93
16 73
9 50
53 29
26 17
40 35
1 28
56 14
33 10
71 28
50 38
13 54
22 1
23 41
51 22
44 38
47 26
62 14
22 69
1 68
22 53
22 10
56 34
22 34
14 17
6 29
54 13
5 8
15 72
31 67
20 26
52 22
2 22
1 44
88 1
61 36
52 41
32 9
17 39
2 47
4 18
26 20
91 3
27 42
56 35
31 14
43 18
21 22
75 8
57 10
87 3
2 67
3 39
21 1
5 40
50 24
28 61
97 1
16 24
7 7
5 83
37 11
44 37
37 5
39 30
47 20
41 17
26 70
59 6
29 36
56 3
27 28
9 58
31 2
1 44
21 66
2 79
53 9
10 65
37 2
37 25
84 2
32 59
6 57
71 26
42 1
35 29
36 62
15 20
26 75
24 3 11
9 8
13 8
17 8
24 2 15
9 8
13 8
24 1 1
9 8
24 1 18
9 8
24 3 24
9 8
13 8
3 10
24 3 9
9 8
13 8
17 8
24 3 1
9 8
13 8
17 8
46 67 34
44 3
4 34
23 7
29 11
12 23
6 5
16 22
5 34
7 26
3 24
26 17
2 31
29 2
19 9
18 29
2 1
9 37
6 4
37 8
2 19
5 8
11 20
9 9
2 23
5 42
10 7
34 6
8 36
31 15
3 29
17 23
12 17
9 13
20 3
24 4
15 2
12 28
1 26
16 20
3 11
12 33
14 4
17 28
30 1
19 15
20 11
1 9
12 5
18 13
27 15
19 2
20 14
3 29
13 9
8 17
23 4
35 7
15 9
22 17
39 3
9 38
4 27
34 13
19 13
11 5
1 33
25 14
24 1 17
9 8
100 100 91
37 47
2 77
37 12
73 19
65 10
74 18
64 30
2 76
20 68
42 34
16 25
43 58
75 9
22 44
7 88
1 91
76 17
10 6
18 8
43 49
43 12
26 22
26 7
29 33
3 92
51 2
43 31
73 5
42 56
9 72
3 70
50 32
36 60
45 4
72 4
19 30
3 57
32 5
7 3
46 34
13 82
32 13
16 55
79 7
50 22
73 28
37 42
40 13
54 37
10 81
15 37
20 75
3 45
6 53
57 7
9 49
14 23
38 10
33 57
12 52
66 35
37 41
48 19
22 20
27 16
49 19
15 75
77 5
20 44
8 6
30 4
35 48
17 82
71 11
10 41
45 15
9 24
28 5
36 37
12 27
32 45
86 2
19 47
18 47
48 9
25 48
90 1
11 28
9 38
67 5
6 6
64 21
10 52
9 50
22 54
31 53
54 38
71 7
63 3
41 50
100 100 100
50 38
8 92
4 63
35 22
45 5
90 5
79 12
21 46
37 53
35 26
34 50
13 24
28 8
87 12
59 26
51 44
26 65
12 46
32 17
23 57
17 47
56 1
19 52
48 9
93 8
51 11
4 95
17 55
32 19
41 23
33 28
16 49
17 1
79 7
10 65
83 1
55 9
33 29
59 21
11 35
30 55
45 22
65 17
11 29
51 47
45 32
72 4
85 14
13 51
53 32
57 3
23 34
47 44
95 5
30 24
3 8
4 25
49 24
82 3
48 1
54 13
48 49
4 25
9 90
19 9
32 54
66 20
24 32
3 50
19 19
7 35
68 2
61 21
13 2
71 29
50 18
33 53
26 69
33 3
59 41
34 42
33 43
15 68
66 23
20 12
53 43
31 14
1 67
63 30
1 6
25 36
34 55
53 27
59 30
29 70
6 1
56 35
81 8
74 23
35 29
24 3 22
9 8
13 8
17 8
100 100 68
2 92
46 12
46 12
32 48
20 24
49 30
5 81
16 1
22 53
69 17
19 73
17 1
34 10
69 8
6 6
11 43
57 16
1 62
26 69
46 7
32 67
66 19
23 35
14 15
51 24
33 60
13 8
40 24
38 22
2 60
5 6
4 18
8 85
20 39
38 30
21 49
8 28
43 20
2 2
12 49
44 27
1 45
25 70
76 9
32 41
4 25
40 30
25 75
32 32
9 3
61 21
11 29
63 19
44 3
60 29
56 23
70 12
19 66
71 2
31 14
21 75
69 25
32 33
79 9
55 28
50 33
9 63
76 7
23 29
46 5
51 33
43 45
18 24
62 19
72 21
70 24
55 18
87 6
23 71
50 15
5 37
61 24
5 28
17 16
33 68
8 43
79 21
62 32
41 42
19 40
49 19
21 50
30 1
30 42
36 32
2 1
47 46
5 4
32 69
7 2
24 2 3
9 8
13 8
58 100 44
9 34
4 54
20 18
2 22
15 4
35 12
9 43
13 6
46 6
25 6
42 16
39 4
55 4
18 9
14 24
38 16
18 4
23 5
4 35
17 30
26 12
34 3
10 22
1 6
16 8
28 2
8 23
29 28
1 10
20 22
7 44
2 17
37 18
20 26
8 30
15 30
27 27
21 20
25 26
34 25
27 7
6 51
31 11
15 24
6 32
4 46
18 18
31 2
1 40
6 4
27 18
12 11
28 12
32 24
7 18
7 36
7 13
46 7
6 31
15 29
41 9
10 17
15 34
10 32
34 1
1 7
18 20
16 8
23 5
34 2
22 4
35 13
36 22
17 14
28 23
43 9
15 28
10 7
51 3
2 18
28 19
40 2
2 5
43 6
11 38
36 21
2 31
25 3
27 30
1 33
4 55
39 4
41 15
17 8
2 4
28 16
1 43
36 14
46 6
25 17
24 3 18
9 8
13 8
3 10
24 2 4
9 8
13 8
24 3 5
9 8
13 8
17 8
24 1 9
9 8
100 100 92
51 27
52 42
6 80
13 9
15 10
5 52
59 15
46 17
2 44
62 3
63 35
22 50
56 7
61 8
47 30
57 37
27 40
74 9
58 41
52 46
11 36
32 28
69 4
76 12
81 4
34 67
57 3
58 10
2 93
32 15
52 40
24 27
52 35
27 53
41 55
45 4
34 43
58 3
30 32
10 26
27 13
35 29
69 7
19 5
48 50
9 40
18 52
6 20
34 64
6 62
18 11
48 7
31 63
64 13
8 75
82 2
18 67
30 61
1 27
16 20
24 65
5 40
38 50
33 52
47 22
26 45
47 24
57 18
14 14
2 41
67 17
7 23
35 15
5 30
45 8
69 3
5 35
21 78
57 18
4 71
16 83
58 15
44 12
18 28
37 32
75 11
24 40
1 86
77 19
14 85
34 23
2 79
94 2
15 2
42 14
2 28
78 1
24 69
37 41
35 65
24 2 10
9 8
13 8
100 1 10
1 100
75 77 23
18 56
3 63
12 28
20 26
21 43
17 13
26 14
21 42
7 5
43 6
5 71
25 12
2 54
33 18
58 16
10 58
3 31
21 9
26 3
15 47
42 21
26 16
13 25
2 64
25 2
47 29
32 29
6 38
40 26
37 8
40 20
27 16
54 22
53 21
30 17
27 30
21 53
27 49
17 48
63 12
21 30
7 52
24 39
53 20
3 44
9 14
54 21
27 13
32 3
32 9
7 68
14 62
19 15
3 51
49 15
21 46
25 26
42 33
4 50
53 12
11 35
32 28
20 25
24 38
35 3
10 19
18 23
30 32
18 6
62 7
2 72
40 18
10 9
22 9
36 36
5 49
28 38
24 1 24
9 8
24 3 5
9 8
13 8
3 10
24 1 22
9 8
23 31 12
4 10
1 6
6 14
10 12
6 17
13 9
5 10
6 18
7 14
18 2
17 2
2 19
4 9
5 8
4 9
1 2
2 18
23 1
11 8
7 3
8 2
17 5
4 2
2 4
13 8
2 9
11 8
4 15
13 3
1 3
9 8
24 3 15
9 8
13 8
17 8
24 2 20
9 8
13 8
24 3 24
9 8
13 8
17 8
24 2 6
9 8
13 8
24 3 6
9 8
13 8
3 10
100 100 4
28 47
16 14
23 37
11 80
27 37
13 16
14 14
1 36
64 31
46 50
6 10
24 26
10 17
43 5
75 20
10 46
12 29
9 46
30 42
53 46
17 77
42 47
38 55
84 6
27 7
10 69
41 6
8 3
57 29
17 3
27 11
1 14
45 52
58 10
71 19
33 34
2 28
3 42
86 5
68 18
9 40
47 26
13 11
46 54
65 36
42 29
51 5
46 12
12 20
92 6
45 25
48 43
65 29
18 60
42 53
34 24
34 61
25 15
10 7
10 62
4 31
31 40
82 11
59 36
40 54
3 70
64 34
30 28
39 16
30 16
23 25
2 23
3 40
4 27
10 73
31 53
44 31
27 51
43 39
32 50
44 28
18 28
14 43
13 83
28 66
1 32
59 42
32 69
27 39
13 31
26 46
24 8
4 15
6 14
10 60
51 39
31 20
64 9
16 63
51 40
24 3 17
9 8
13 8
17 8
24 3 21
9 8
13 8
3 10
24 2 5
9 8
13 8
24 3 16
9 8
13 8
17 8
24 3 18
9 8
13 8
17 8
24 3 17
9 8
13 8
3 10
1 1 1
1 1
24 2 22
9 8
13 8
