307
68
111
8977
27
2074
9824
13
166
9322
30
58
1833
511
93
2
129
9789
9398
8963
126
84
8286
110
8374
8944
8233
36
174
4189
3538
9650
123
670
46
626
9103
212
107
8975
114
9336
90
8212
446
28
5608
89
48
5956
8191
113
9491
79
95
20
99
120
100
9401
80
3773
9513
745
6
8
74
98
320
4094
109
9032
9258
3020
462
8894
255
9046
81
9478
512
73
122
3929
10000
8621
75
8594
6140
8261
8458
19
2048
82
1876
484
40
24
8769
458
1559
8654
8378
9865
9712
8401
9854
2047
8329
117
59
78
60
67
115
47
127
118
3
9319
56
9443
728
161
8525
43
8415
1022
9078
35
9893
83
9748
124
103
1995
9776
181
189
2046
915
8604
44
8919
8411
71
8192
9988
9142
38
10
832
55
9921
17
42
8397
16
4
8387
8262
8899
9346
8458
26
125
49
70
29
54
2021
510
1024
341
9608
180
72
690
9028
8906
76
9434
37
1
88
1182
8246
526
85
4095
77
1682
23
8598
8292
3480
9384
8758
52
1264
644
15
335
91
7355
63
62
8360
9399
292
18
87
254
61
92
8595
66
128
8231
69
9669
119
116
8725
12
3054
94
9854
256
185
9508
6304
39
8469
34
8208
106
5047
96
8582
14
9094
8797
102
663
86
9101
11
209
2671
8592
500
6606
105
8550
21
50
5
97
4096
9100
101
9501
108
8514
31
4685
112
8915
9333
2991
41
9
22
25
51
121
57
64
9013
33
9377
1069
53
45
9158
8380
8502
9915
8743
7
32
8743
9323
9116
104
1324
65
426
9025
2182
1023
8335
9576
8190
5759
8569
9685
